--- chiEFTparameters used ---
n_mesh = 50
pmax_fm = 5.0
emax = 4
Nnmax = 20
chi_order = 4
calc_NN = true
calc_3N = true
coulomb = true
calc_EperA = false
hw = 20.0
srg = true
srg_lambda = 2.0
tbme_fmt = snt.bin
fn_tbme = tbme_emn500n4lo_2n3n_srg2.0hw20emax4.snt.bin
pottype = emn500n4lo
LambdaSFR = 700.0
target_nlj = Vector{Int64}[]
v_chi_order = 0
n_mesh_P = 10
Pmax_fm = 3.0
kF = 1.35
BetaCM = 0.0
-----------------------------
size of dWS (jmax 9 lmax 40 e2max 8 Nnmax 20):
     dtri    4.46 MB    dcgm0    1.11 MB  d6j_int    1.11 MB   d6j_lj    0.28 MB
  d9j_lsj    1.76 MB  dictHOB    0.44 MB
# of two-body states 78
# of sp states 15
# of channels 2bstate 55 #TBME = 34320
size of dWS (jmax 9 lmax 40 e2max 8 Nnmax 20):
     dtri    4.46 MB    dcgm0    1.11 MB  d6j_int    1.11 MB   d6j_lj    0.28 MB
  d9j_lsj    1.76 MB  dictHOB    0.44 MB
target: O16 Ref. => Z=8 N=8 E:     -86.8656  = E1b    329.29  + E2b   -416.16   (    -35.64  -327.21   -53.31)
EMP2    -23.15627 1b    -0.000 pp    -2.982 pn   -17.138 nn    -3.036
EMP3      0.47114 pp     0.637 hh    -1.206 ph     1.040
E_HF    -86.86559  E_MBPT(3) =    -109.5507  Eexp:     -127.619

parameters in ann_sample_params.jl will be used.
 step:        s             E0   ||Omega_1||   ||Omega_2||     ||Eta_1||     ||Eta_2||    Ncomm.  nwritten
     0    0.000   -86.86559162  0.000000e+00  0.000000e+00  2.985295e-16  1.407032e+00         0         0
     1    0.250   -96.96492092  7.463237e-17  3.517580e-01  2.707614e-02  1.013639e+00         8         0
     2    0.500  -102.42426879  6.797688e-03  6.046028e-01  4.261553e-02  7.613126e-01        19         0
     3    0.750  -105.57736783  1.750992e-02  7.936035e-01  5.158798e-02  5.880441e-01        32         0
     4    1.000  -107.49655646  3.049114e-02  9.384645e-01  5.645294e-02  4.643505e-01        45         0
     5    1.250  -108.71987355  4.470698e-02  1.051618e+00  5.861684e-02  3.736061e-01        58         0
     6    1.500  -109.53272351  5.947511e-02  1.141407e+00  5.895651e-02  3.055362e-01        71         0
     7    1.750  -110.09320001  7.433401e-02  1.213641e+00  5.805179e-02  2.534486e-01        85         0
     8    2.000  -110.49230499  8.896875e-02  1.272471e+00  5.630259e-02  2.128437e-01        99         0
     9    2.250  -110.78437006  1.031657e-01  1.320918e+00  5.399294e-02  1.806323e-01       113         0
    10    2.500  -111.00301031  1.167833e-01  1.361218e+00  5.132848e-02  1.546608e-01       127         0
    11    2.750  -111.16975766  1.297318e-01  1.395043e+00  4.845961e-02  1.334078e-01       141         0
    12    3.000  -111.29886917  1.419595e-01  1.423666e+00  4.549664e-02  1.157844e-01       155         0
    13    3.250  -111.40008101  1.534423e-01  1.448062e+00  4.252028e-02  1.010003e-01       168         0
    14    3.500  -111.48022972  1.641768e-01  1.468988e+00  3.958844e-02  8.847404e-02       181         0
    15    3.750  -111.54423590  1.741740e-01  1.487040e+00  3.674227e-02  7.777073e-02       194         0
    16    4.000  -111.59571677  1.834549e-01  1.502691e+00  3.401000e-02  6.855979e-02       207         0
    17    4.250  -111.63737942  1.920480e-01  1.516318e+00  3.141005e-02  6.058593e-02       220         0
    18    4.500  -111.67128037  1.999863e-01  1.528228e+00  2.895339e-02  5.364882e-02       233         0
    19    4.750  -111.69900151  2.073054e-01  1.538673e+00  2.664540e-02  4.758884e-02       246         0
    20    5.000  -111.72177221  2.140426e-01  1.547858e+00  2.448735e-02  4.227702e-02       259         0
    21    5.250  -111.74055616  2.202353e-01  1.555958e+00  2.247742e-02  3.760779e-02       272         0
    22    5.500  -111.75611428  2.259207e-01  1.563114e+00  2.061167e-02  3.349375e-02       285         0
    23    5.750  -111.76905104  2.311349e-01  1.569450e+00  1.888462e-02  2.986178e-02       298         0
    24    6.000  -111.77984924  2.359127e-01  1.575069e+00  1.728978e-02  2.665017e-02       311         0
    25    6.250  -111.78889624  2.402874e-01  1.580059e+00  1.582007e-02  2.380646e-02       324         0
    26    6.500  -111.79650414  2.442904e-01  1.584497e+00  1.446807e-02  2.128571e-02       337         0
    27    6.750  -111.80292537  2.479513e-01  1.588448e+00  1.322628e-02  1.904924e-02       350         0
    28    7.000  -111.80836479  2.512980e-01  1.591969e+00  1.208722e-02  1.706358e-02       363         0
    29    7.250  -111.81298919  2.543563e-01  1.595110e+00  1.104363e-02  1.529965e-02       376         0
    30    7.500  -111.81693483  2.571502e-01  1.597915e+00  1.008847e-02  1.373209e-02       389         0
    31    7.750  -111.82031331  2.597022e-01  1.600420e+00  9.215041e-03  1.233871e-02       402         0
    32    8.000  -111.82321638  2.620329e-01  1.602660e+00  8.416967e-03  1.110005e-02       415         0
    33    8.250  -111.82571961  2.641613e-01  1.604664e+00  7.688255e-03  9.998993e-03       428         0
    34    8.500  -111.82788548  2.661049e-01  1.606458e+00  7.023281e-03  9.020443e-03       441         0
    35    8.750  -111.82976579  2.678798e-01  1.608065e+00  6.416797e-03  8.151071e-03       454         0
    36    9.000  -111.83140360  2.695009e-01  1.609505e+00  5.863921e-03  7.379075e-03       467         0
    37    9.250  -111.83283708  2.709854e-01  1.610794e+00  5.358085e-03  6.695375e-03       479         0
    38    9.500  -111.83409360  2.723413e-01  1.611951e+00  4.897647e-03  6.088881e-03       491         0
    39    9.750  -111.83519841  2.735799e-01  1.612989e+00  4.478644e-03  5.551368e-03       503         0
    40   10.000  -111.83617276  2.747119e-01  1.613921e+00  4.097438e-03  5.075475e-03       515         0
    41   10.250  -111.83703459  2.757467e-01  1.614759e+00  3.750690e-03  4.654596e-03       527         0
    42   10.500  -111.83779905  2.766932e-01  1.615511e+00  3.435342e-03  4.282789e-03       539         0
    43   10.750  -111.83847905  2.775593e-01  1.616187e+00  3.148600e-03  3.954691e-03       551         0
    44   11.000  -111.83908555  2.783523e-01  1.616794e+00  2.887905e-03  3.665454e-03       563         0
    45   11.250  -111.83962791  2.790787e-01  1.617341e+00  2.650925e-03  3.410687e-03       575         0
    46   11.500  -111.84011417  2.797445e-01  1.617833e+00  2.435527e-03  3.186405e-03       587         0
    47   11.750  -111.84055122  2.803553e-01  1.618276e+00  2.239767e-03  2.989000e-03       599         0
    48   12.000  -111.84094499  2.809159e-01  1.618675e+00  2.061874e-03  2.815200e-03       611         0
    49   12.250  -111.84130062  2.814309e-01  1.619034e+00  1.900231e-03  2.662054e-03       623         0
    50   12.500  -111.84162256  2.819044e-01  1.619358e+00  1.753366e-03  2.526905e-03       635         0
    51   12.750  -111.84191465  2.823401e-01  1.619650e+00  1.619937e-03  2.407374e-03       647         0
    52   13.000  -111.84218028  2.827414e-01  1.619913e+00  1.498721e-03  2.301344e-03       659         0
    53   13.250  -111.84242236  2.831113e-01  1.620151e+00  1.388604e-03  2.206944e-03       671         0
    54   13.500  -111.84264347  2.834528e-01  1.620366e+00  1.288572e-03  2.122527e-03       683         0
    55   13.750  -111.84285225  2.837573e-01  1.620559e+00  1.206783e-03  2.044820e-03       694         0
    56   14.000  -111.84304505  2.840411e-01  1.620734e+00  1.131273e-03  1.974999e-03       705         0
    57   14.250  -111.84322338  2.843057e-01  1.620892e+00  1.061686e-03  1.911818e-03       716         0
    58   14.500  -111.84338861  2.845525e-01  1.621034e+00  9.976431e-04  1.854234e-03       727         0
    59   14.750  -111.84354195  2.847828e-01  1.621164e+00  9.387576e-04  1.801374e-03       738         0
    60   15.000  -111.84368452  2.849981e-01  1.621280e+00  8.846487e-04  1.752510e-03       749         0
    61   15.250  -111.84381729  2.851994e-01  1.621386e+00  8.349473e-04  1.707036e-03       760         0
    62   15.500  -111.84394115  2.853879e-01  1.621483e+00  7.893006e-04  1.664449e-03       771         0
    63   15.750  -111.84405690  2.855646e-01  1.621570e+00  7.473748e-04  1.624329e-03       782         0
    64   16.000  -111.84416526  2.857303e-01  1.621650e+00  7.088561e-04  1.586331e-03       793         0
    65   16.250  -111.84426687  2.858860e-01  1.621722e+00  6.734515e-04  1.550167e-03       804         0
    66   16.500  -111.84436232  2.860325e-01  1.621788e+00  6.408885e-04  1.515600e-03       815         0
    67   16.750  -111.84445212  2.861704e-01  1.621848e+00  6.109148e-04  1.482431e-03       826         0
    68   17.000  -111.84453677  2.863004e-01  1.621903e+00  5.832974e-04  1.450499e-03       837         0
    69   17.250  -111.84461667  2.864231e-01  1.621953e+00  5.578221e-04  1.419667e-03       848         0
    70   17.500  -111.84469222  2.865392e-01  1.621999e+00  5.342923e-04  1.389823e-03       859         0
    71   17.750  -111.84476377  2.866490e-01  1.622041e+00  5.125278e-04  1.360874e-03       870         0
    72   18.000  -111.84483163  2.867531e-01  1.622080e+00  4.923645e-04  1.332742e-03       881         0
    73   18.250  -111.84489609  2.868518e-01  1.622116e+00  4.736525e-04  1.305362e-03       892         0
    74   18.500  -111.84495742  2.869457e-01  1.622148e+00  4.562559e-04  1.278679e-03       903         0
    75   18.750  -111.84501584  2.870350e-01  1.622179e+00  4.400511e-04  1.252648e-03       914         0
    76   19.000  -111.84507157  2.871200e-01  1.622207e+00  4.249264e-04  1.227229e-03       925         0
    77   19.250  -111.84512480  2.872012e-01  1.622232e+00  4.107805e-04  1.202390e-03       936         0
    78   19.500  -111.84517571  2.872786e-01  1.622256e+00  3.975224e-04  1.178102e-03       947         0
    79   19.750  -111.84522447  2.873527e-01  1.622278e+00  3.850697e-04  1.154341e-03       958         0
    80   20.000  -111.84527122  2.874236e-01  1.622299e+00  3.733483e-04  1.131086e-03       969         0
    81   20.250  -111.84531609  2.874916e-01  1.622318e+00  3.622916e-04  1.108318e-03       980         0
    82   20.500  -111.84535921  2.875568e-01  1.622336e+00  3.518397e-04  1.086021e-03       991         0
    83   20.750  -111.84540068  2.876194e-01  1.622353e+00  3.419389e-04  1.064181e-03      1002         0
    84   21.000  -111.84544062  2.876796e-01  1.622369e+00  3.325409e-04  1.042784e-03      1013         0
    85   21.250  -111.84547911  2.877375e-01  1.622383e+00  3.236023e-04  1.021818e-03      1024         0
    86   21.500  -111.84551623  2.877933e-01  1.622397e+00  3.150844e-04  1.001272e-03      1035         0
    87   21.750  -111.84555208  2.878471e-01  1.622410e+00  3.069523e-04  9.811368e-04      1046         0
    88   22.000  -111.84558672  2.878990e-01  1.622422e+00  2.991747e-04  9.614026e-04      1057         0
    89   22.250  -111.84562022  2.879492e-01  1.622434e+00  2.917235e-04  9.420604e-04      1068         0
    90   22.500  -111.84565263  2.879977e-01  1.622445e+00  2.845736e-04  9.231019e-04      1079         0
    91   22.750  -111.84568403  2.880446e-01  1.622455e+00  2.777023e-04  9.045192e-04      1090         0
    92   23.000  -111.84571445  2.880900e-01  1.622465e+00  2.710893e-04  8.863047e-04      1101         0
    93   23.250  -111.84574394  2.881340e-01  1.622475e+00  2.647162e-04  8.684510e-04      1112         0
    94   23.500  -111.84577256  2.881767e-01  1.622484e+00  2.585667e-04  8.509509e-04      1123         0
    95   23.750  -111.84580034  2.882180e-01  1.622492e+00  2.526258e-04  8.337977e-04      1134         0
    96   24.000  -111.84582732  2.882582e-01  1.622500e+00  2.468801e-04  8.169846e-04      1145         0
    97   24.250  -111.84585354  2.882972e-01  1.622508e+00  2.413176e-04  8.005052e-04      1156         0
    98   24.500  -111.84587903  2.883352e-01  1.622516e+00  2.359272e-04  7.843530e-04      1167         0
    99   24.750  -111.84590382  2.883720e-01  1.622523e+00  2.306989e-04  7.685218e-04      1178         0
   100   25.000  -111.84592794  2.884079e-01  1.622530e+00  2.256239e-04  7.530056e-04      1189         0
   101   25.250  -111.84595142  2.884428e-01  1.622537e+00  2.206937e-04  7.377983e-04      1200         0
   102   25.500  -111.84597428  2.884768e-01  1.622543e+00  2.159010e-04  7.228940e-04      1211         0
   103   25.750  -111.84599655  2.885099e-01  1.622549e+00  2.112390e-04  7.082871e-04      1222         0
   104   26.000  -111.84601824  2.885421e-01  1.622555e+00  2.067013e-04  6.939717e-04      1233         0
   105   26.250  -111.84603939  2.885736e-01  1.622561e+00  2.022823e-04  6.799424e-04      1244         0
   106   26.500  -111.84606000  2.886042e-01  1.622566e+00  1.979767e-04  6.661937e-04      1255         0
   107   26.750  -111.84608010  2.886341e-01  1.622572e+00  1.937796e-04  6.527202e-04      1266         0
   108   27.000  -111.84609971  2.886633e-01  1.622577e+00  1.896865e-04  6.395165e-04      1277         0
   109   27.250  -111.84611883  2.886917e-01  1.622582e+00  1.856935e-04  6.265776e-04      1288         0
   110   27.500  -111.84613750  2.887195e-01  1.622587e+00  1.817965e-04  6.138982e-04      1299         0
   111   27.750  -111.84615572  2.887467e-01  1.622592e+00  1.779921e-04  6.014733e-04      1310         0
   112   28.000  -111.84617350  2.887732e-01  1.622597e+00  1.742769e-04  5.892980e-04      1321         0
   113   28.250  -111.84619087  2.887990e-01  1.622601e+00  1.706479e-04  5.773674e-04      1332         0
   114   28.500  -111.84620782  2.888243e-01  1.622606e+00  1.671021e-04  5.656768e-04      1343         0
   115   28.750  -111.84622438  2.888490e-01  1.622610e+00  1.636369e-04  5.542214e-04      1354         0
   116   29.000  -111.84624056  2.888732e-01  1.622614e+00  1.602498e-04  5.429966e-04      1365         0
   117   29.250  -111.84625637  2.888968e-01  1.622618e+00  1.569382e-04  5.319979e-04      1376         0
   118   29.500  -111.84627181  2.889199e-01  1.622622e+00  1.537000e-04  5.212209e-04      1387         0
   119   29.750  -111.84628690  2.889425e-01  1.622626e+00  1.505330e-04  5.106612e-04      1398         0
   120   30.000  -111.84630165  2.889646e-01  1.622630e+00  1.474352e-04  5.003144e-04      1409         0
   121   30.250  -111.84631607  2.889861e-01  1.622634e+00  1.444047e-04  4.901763e-04      1420         0
   122   30.500  -111.84633016  2.890073e-01  1.622638e+00  1.414396e-04  4.802429e-04      1431         0
   123   30.750  -111.84634393  2.890279e-01  1.622641e+00  1.385383e-04  4.705100e-04      1442         0
   124   31.000  -111.84635740  2.890481e-01  1.622645e+00  1.356990e-04  4.609737e-04      1453         0
   125   31.250  -111.84637057  2.890679e-01  1.622648e+00  1.329201e-04  4.516301e-04      1464         0
   126   31.500  -111.84638345  2.890873e-01  1.622652e+00  1.302002e-04  4.424752e-04      1475         0
   127   31.750  -111.84639605  2.891062e-01  1.622655e+00  1.275377e-04  4.335054e-04      1486         0
   128   32.000  -111.84640837  2.891248e-01  1.622658e+00  1.249313e-04  4.247170e-04      1497         0
   129   32.250  -111.84642042  2.891429e-01  1.622661e+00  1.223796e-04  4.161062e-04      1508         0
   130   32.500  -111.84643220  2.891607e-01  1.622664e+00  1.198814e-04  4.076696e-04      1519         0
   131   32.750  -111.84644373  2.891781e-01  1.622667e+00  1.174353e-04  3.994037e-04      1530         0
   132   33.000  -111.84645501  2.891951e-01  1.622670e+00  1.150401e-04  3.913050e-04      1541         0
   133   33.250  -111.84646604  2.892118e-01  1.622673e+00  1.126948e-04  3.833702e-04      1552         0
   134   33.500  -111.84647683  2.892281e-01  1.622676e+00  1.103980e-04  3.755960e-04      1563         0
   135   33.750  -111.84648740  2.892441e-01  1.622679e+00  1.081489e-04  3.679791e-04      1574         0
   136   34.000  -111.84649773  2.892597e-01  1.622681e+00  1.059462e-04  3.605165e-04      1585         0
   137   34.250  -111.84650784  2.892750e-01  1.622684e+00  1.037890e-04  3.532049e-04      1596         0
   138   34.500  -111.84651773  2.892900e-01  1.622687e+00  1.016763e-04  3.460414e-04      1607         0
   139   34.750  -111.84652742  2.893047e-01  1.622689e+00  9.960699e-05  3.390230e-04      1618         0
   140   35.000  -111.84653689  2.893191e-01  1.622692e+00  9.758027e-05  3.321468e-04      1629         0
   141   35.250  -111.84654617  2.893332e-01  1.622694e+00  9.559518e-05  3.254098e-04      1640         0
   142   35.500  -111.84655524  2.893470e-01  1.622697e+00  9.365081e-05  3.188093e-04      1651         0
   143   35.750  -111.84656412  2.893605e-01  1.622699e+00  9.174630e-05  3.123426e-04      1662         0
   144   36.000  -111.84657282  2.893737e-01  1.622701e+00  8.988079e-05  3.060068e-04      1673         0
   145   36.250  -111.84658133  2.893867e-01  1.622704e+00  8.805347e-05  2.997995e-04      1684         0
   146   36.500  -111.84658965  2.893994e-01  1.622706e+00  8.626351e-05  2.937179e-04      1695         0
   147   36.750  -111.84659781  2.894118e-01  1.622708e+00  8.451014e-05  2.877596e-04      1706         0
   148   37.000  -111.84660579  2.894240e-01  1.622710e+00  8.279259e-05  2.819221e-04      1717         0
   149   37.250  -111.84661360  2.894359e-01  1.622712e+00  8.111010e-05  2.762028e-04      1728         0
   150   37.500  -111.84662124  2.894476e-01  1.622714e+00  7.946195e-05  2.705995e-04      1739         0
   151   37.750  -111.84662873  2.894591e-01  1.622716e+00  7.784741e-05  2.651098e-04      1750         0
   152   38.000  -111.84663606  2.894703e-01  1.622718e+00  7.626579e-05  2.597313e-04      1761         0
   153   38.250  -111.84664323  2.894813e-01  1.622720e+00  7.471641e-05  2.544619e-04      1772         0
   154   38.500  -111.84665025  2.894920e-01  1.622722e+00  7.319859e-05  2.492993e-04      1783         0
   155   38.750  -111.84665713  2.895026e-01  1.622724e+00  7.171169e-05  2.442414e-04      1794         0
   156   39.000  -111.84666386  2.895129e-01  1.622726e+00  7.025507e-05  2.392860e-04      1805         0
   157   39.250  -111.84667045  2.895230e-01  1.622728e+00  6.882810e-05  2.344311e-04      1816         0
   158   39.500  -111.84667690  2.895329e-01  1.622729e+00  6.743018e-05  2.296747e-04      1827         0
   159   39.750  -111.84668322  2.895426e-01  1.622731e+00  6.606069e-05  2.250147e-04      1838         0
   160   40.000  -111.84668941  2.895521e-01  1.622733e+00  6.471907e-05  2.204491e-04      1849         0
   161   40.250  -111.84669546  2.895615e-01  1.622734e+00  6.340474e-05  2.159762e-04      1860         0
   162   40.500  -111.84670139  2.895706e-01  1.622736e+00  6.211714e-05  2.115940e-04      1871         0
   163   40.750  -111.84670720  2.895795e-01  1.622738e+00  6.085572e-05  2.073006e-04      1882         0
   164   41.000  -111.84671288  2.895883e-01  1.622739e+00  5.961994e-05  2.030944e-04      1893         0
   165   41.250  -111.84671845  2.895969e-01  1.622741e+00  5.840929e-05  1.989734e-04      1904         0
   166   41.500  -111.84672390  2.896053e-01  1.622742e+00  5.722325e-05  1.949360e-04      1915         0
   167   41.750  -111.84672923  2.896135e-01  1.622744e+00  5.606131e-05  1.909805e-04      1926         0
   168   42.000  -111.84673446  2.896216e-01  1.622745e+00  5.492298e-05  1.871052e-04      1937         0
   169   42.250  -111.84673958  2.896295e-01  1.622746e+00  5.380779e-05  1.833085e-04      1948         0
   170   42.500  -111.84674459  2.896372e-01  1.622748e+00  5.271526e-05  1.795888e-04      1959         0
   171   42.750  -111.84674949  2.896448e-01  1.622749e+00  5.164492e-05  1.759446e-04      1970         0
   172   43.000  -111.84675430  2.896522e-01  1.622751e+00  5.059633e-05  1.723743e-04      1981         0
   173   43.250  -111.84675900  2.896595e-01  1.622752e+00  4.956904e-05  1.688764e-04      1992         0
   174   43.500  -111.84676361  2.896666e-01  1.622753e+00  4.856261e-05  1.654494e-04      2003         0
   175   43.750  -111.84676812  2.896736e-01  1.622754e+00  4.757664e-05  1.620920e-04      2014         0
   176   44.000  -111.84677254  2.896805e-01  1.622756e+00  4.661068e-05  1.588027e-04      2025         0
   177   44.250  -111.84677687  2.896872e-01  1.622757e+00  4.566435e-05  1.555801e-04      2036         0
   178   44.500  -111.84678111  2.896937e-01  1.622758e+00  4.473724e-05  1.524229e-04      2047         0
   179   44.750  -111.84678526  2.897002e-01  1.622759e+00  4.382896e-05  1.493297e-04      2058         0
   180   45.000  -111.84678932  2.897065e-01  1.622760e+00  4.293912e-05  1.462993e-04      2069         0
   181   45.250  -111.84679330  2.897127e-01  1.622761e+00  4.206735e-05  1.433304e-04      2080         0
   182   45.500  -111.84679720  2.897187e-01  1.622763e+00  4.121329e-05  1.404217e-04      2091         0
   183   45.750  -111.84680102  2.897247e-01  1.622764e+00  4.037657e-05  1.375720e-04      2102         0
   184   46.000  -111.84680476  2.897305e-01  1.622765e+00  3.955684e-05  1.347801e-04      2113         0
   185   46.250  -111.84680842  2.897362e-01  1.622766e+00  3.875376e-05  1.320449e-04      2124         0
   186   46.500  -111.84681200  2.897417e-01  1.622767e+00  3.796699e-05  1.293651e-04      2135         0
   187   46.750  -111.84681552  2.897472e-01  1.622768e+00  3.719619e-05  1.267397e-04      2146         0
   188   47.000  -111.84681896  2.897525e-01  1.622769e+00  3.644104e-05  1.241676e-04      2157         0
   189   47.250  -111.84682232  2.897578e-01  1.622770e+00  3.570122e-05  1.216477e-04      2168         0
   190   47.500  -111.84682562  2.897629e-01  1.622771e+00  3.497643e-05  1.191789e-04      2179         0
   191   47.750  -111.84682885  2.897680e-01  1.622771e+00  3.426635e-05  1.167602e-04      2190         0
   192   48.000  -111.84683202  2.897729e-01  1.622772e+00  3.357069e-05  1.143905e-04      2201         0
   193   48.250  -111.84683512  2.897777e-01  1.622773e+00  3.288916e-05  1.120690e-04      2212         0
   194   48.500  -111.84683815  2.897825e-01  1.622774e+00  3.222146e-05  1.097945e-04      2223         0
   195   48.750  -111.84684113  2.897871e-01  1.622775e+00  3.156732e-05  1.075662e-04      2234         0
   196   49.000  -111.84684404  2.897916e-01  1.622776e+00  3.092646e-05  1.053831e-04      2245         0
   197   49.250  -111.84684689  2.897961e-01  1.622777e+00  3.029862e-05  1.032444e-04      2256         0
   198   49.500  -111.84684969  2.898004e-01  1.622777e+00  2.968351e-05  1.011490e-04      2267         0
   199   49.750  -111.84685242  2.898047e-01  1.622778e+00  2.908090e-05  9.909609e-05      2278         0
   200   50.000  -111.84685510  2.898089e-01  1.622779e+00  2.849053e-05  9.708487e-05      2289         0
   201   50.250  -111.84685773  2.898130e-01  1.622780e+00  2.791213e-05  9.511446e-05      2300         0
   202   50.500  -111.84686030  2.898170e-01  1.622780e+00  2.734549e-05  9.318403e-05      2311         0
   203   50.750  -111.84686282  2.898210e-01  1.622781e+00  2.679034e-05  9.129278e-05      2322         0
   204   51.000  -111.84686528  2.898248e-01  1.622782e+00  2.624647e-05  8.943990e-05      2333         0
   205   51.250  -111.84686770  2.898286e-01  1.622783e+00  2.571364e-05  8.762462e-05      2344         0
   206   51.500  -111.84687007  2.898323e-01  1.622783e+00  2.519162e-05  8.584618e-05      2355         0
   207   51.750  -111.84687238  2.898359e-01  1.622784e+00  2.468021e-05  8.410382e-05      2366         0
   208   52.000  -111.84687465  2.898395e-01  1.622785e+00  2.417918e-05  8.239683e-05      2377         0
   209   52.250  -111.84687688  2.898429e-01  1.622785e+00  2.368832e-05  8.072447e-05      2388         0
   210   52.500  -111.84687906  2.898464e-01  1.622786e+00  2.320742e-05  7.908605e-05      2399         0
   211   52.750  -111.84688119  2.898497e-01  1.622786e+00  2.273629e-05  7.748088e-05      2410         0
   212   53.000  -111.84688328  2.898530e-01  1.622787e+00  2.227472e-05  7.590828e-05      2421         0
   213   53.250  -111.84688533  2.898562e-01  1.622788e+00  2.182253e-05  7.436759e-05      2432         0
   214   53.500  -111.84688733  2.898593e-01  1.622788e+00  2.137951e-05  7.285818e-05      2443         0
   215   53.750  -111.84688929  2.898624e-01  1.622789e+00  2.094549e-05  7.137939e-05      2454         0
   216   54.000  -111.84689122  2.898654e-01  1.622789e+00  2.052028e-05  6.993061e-05      2465         0
   217   54.250  -111.84689310  2.898684e-01  1.622790e+00  2.010370e-05  6.851124e-05      2476         0
   218   54.500  -111.84689495  2.898713e-01  1.622790e+00  1.969558e-05  6.712067e-05      2487         0
   219   54.750  -111.84689676  2.898741e-01  1.622791e+00  1.929574e-05  6.575831e-05      2498         0
   220   55.000  -111.84689853  2.898769e-01  1.622791e+00  1.890402e-05  6.442361e-05      2509         0
   221   55.250  -111.84690026  2.898796e-01  1.622792e+00  1.852026e-05  6.311600e-05      2520         0
   222   55.500  -111.84690196  2.898823e-01  1.622792e+00  1.814428e-05  6.183492e-05      2531         0
   223   55.750  -111.84690363  2.898849e-01  1.622793e+00  1.777594e-05  6.057984e-05      2542         0
   224   56.000  -111.84690526  2.898874e-01  1.622793e+00  1.741508e-05  5.935023e-05      2553         0
   225   56.250  -111.84690685  2.898899e-01  1.622794e+00  1.706154e-05  5.814558e-05      2564         0
   226   56.500  -111.84690842  2.898924e-01  1.622794e+00  1.671518e-05  5.696537e-05      2575         0
   227   56.750  -111.84690995  2.898948e-01  1.622795e+00  1.637585e-05  5.580912e-05      2586         0
   228   57.000  -111.84691145  2.898972e-01  1.622795e+00  1.604341e-05  5.467633e-05      2597         0
   229   57.250  -111.84691292  2.898995e-01  1.622796e+00  1.571772e-05  5.356653e-05      2608         0
   230   57.500  -111.84691436  2.899017e-01  1.622796e+00  1.539864e-05  5.247926e-05      2619         0
   231   57.750  -111.84691577  2.899039e-01  1.622796e+00  1.508604e-05  5.141405e-05      2630         0
   232   58.000  -111.84691716  2.899061e-01  1.622797e+00  1.477978e-05  5.037046e-05      2641         0
   233   58.250  -111.84691851  2.899082e-01  1.622797e+00  1.447974e-05  4.934806e-05      2652         0
   234   58.500  -111.84691984  2.899103e-01  1.622798e+00  1.418580e-05  4.834640e-05      2663         0
   235   58.750  -111.84692114  2.899124e-01  1.622798e+00  1.389782e-05  4.736507e-05      2674         0
   236   59.000  -111.84692241  2.899144e-01  1.622798e+00  1.361569e-05  4.640366e-05      2685         0
   237   59.250  -111.84692366  2.899163e-01  1.622799e+00  1.333928e-05  4.546176e-05      2696         0
   238   59.500  -111.84692488  2.899182e-01  1.622799e+00  1.306849e-05  4.453898e-05      2707         0
   239   59.750  -111.84692607  2.899201e-01  1.622799e+00  1.280319e-05  4.363493e-05      2718         0
   240   60.000  -111.84692725  2.899220e-01  1.622800e+00  1.254328e-05  4.274922e-05      2729         0
   241   60.250  -111.84692839  2.899238e-01  1.622800e+00  1.228864e-05  4.188150e-05      2740         0
   242   60.500  -111.84692952  2.899255e-01  1.622800e+00  1.203918e-05  4.103138e-05      2751         0
   243   60.750  -111.84693062  2.899273e-01  1.622801e+00  1.179478e-05  4.019852e-05      2762         0
   244   61.000  -111.84693170  2.899290e-01  1.622801e+00  1.155534e-05  3.938256e-05      2773         0
   245   61.250  -111.84693276  2.899306e-01  1.622801e+00  1.132076e-05  3.858316e-05      2784         0
   246   61.500  -111.84693379  2.899323e-01  1.622802e+00  1.109094e-05  3.779999e-05      2795         0
   247   61.750  -111.84693481  2.899339e-01  1.622802e+00  1.086579e-05  3.703272e-05      2806         0
   248   62.000  -111.84693580  2.899354e-01  1.622802e+00  1.064521e-05  3.628101e-05      2817         0
   249   62.250  -111.84693677  2.899370e-01  1.622802e+00  1.042911e-05  3.554457e-05      2828         0
   250   62.500  -111.84693773  2.899385e-01  1.622803e+00  1.021739e-05  3.482307e-05      2839         0
   251   62.750  -111.84693866  2.899399e-01  1.622803e+00  1.000998e-05  3.411622e-05      2850         0
   252   63.000  -111.84693958  2.899414e-01  1.622803e+00  9.806771e-06  3.342371e-05      2861         0
   253   63.250  -111.84694047  2.899428e-01  1.622804e+00  9.607690e-06  3.274526e-05      2872         0
   254   63.500  -111.84694135  2.899442e-01  1.622804e+00  9.412650e-06  3.208058e-05      2883         0
   255   63.750  -111.84694221  2.899455e-01  1.622804e+00  9.221570e-06  3.142939e-05      2894         0
   256   64.000  -111.84694306  2.899469e-01  1.622804e+00  9.034369e-06  3.079142e-05      2905         0
   257   64.250  -111.84694388  2.899482e-01  1.622805e+00  8.850968e-06  3.016640e-05      2916         0
   258   64.500  -111.84694469  2.899494e-01  1.622805e+00  8.671291e-06  2.955406e-05      2927         0
   259   64.750  -111.84694548  2.899507e-01  1.622805e+00  8.495261e-06  2.895415e-05      2938         0
   260   65.000  -111.84694626  2.899519e-01  1.622805e+00  8.322804e-06  2.836642e-05      2949         0
   261   65.250  -111.84694702  2.899531e-01  1.622805e+00  8.153849e-06  2.779062e-05      2960         0
   262   65.500  -111.84694777  2.899543e-01  1.622806e+00  7.988323e-06  2.722650e-05      2971         0
   263   65.750  -111.84694849  2.899554e-01  1.622806e+00  7.826158e-06  2.667384e-05      2982         0
   264   66.000  -111.84694921  2.899566e-01  1.622806e+00  7.667285e-06  2.613239e-05      2993         0
   265   66.250  -111.84694991  2.899577e-01  1.622806e+00  7.511637e-06  2.560194e-05      3004         0
   266   66.500  -111.84695060  2.899587e-01  1.622806e+00  7.359148e-06  2.508225e-05      3015         0
   267   66.750  -111.84695127  2.899598e-01  1.622807e+00  7.209756e-06  2.457311e-05      3026         0
   268   67.000  -111.84695193  2.899608e-01  1.622807e+00  7.063396e-06  2.407430e-05      3037         0
   269   67.250  -111.84695257  2.899619e-01  1.622807e+00  6.920007e-06  2.358562e-05      3048         0
   270   67.500  -111.84695320  2.899629e-01  1.622807e+00  6.779529e-06  2.310686e-05      3059         0
   271   67.750  -111.84695382  2.899638e-01  1.622807e+00  6.641903e-06  2.263781e-05      3070         0
   272   68.000  -111.84695443  2.899648e-01  1.622808e+00  6.507071e-06  2.217829e-05      3081         0
   273   68.250  -111.84695502  2.899657e-01  1.622808e+00  6.374976e-06  2.172809e-05      3092         0
   274   68.500  -111.84695561  2.899666e-01  1.622808e+00  6.245562e-06  2.128703e-05      3103         0
   275   68.750  -111.84695618  2.899675e-01  1.622808e+00  6.118776e-06  2.085493e-05      3114         0
   276   69.000  -111.84695673  2.899684e-01  1.622808e+00  5.994564e-06  2.043159e-05      3125         0
   277   69.250  -111.84695728  2.899693e-01  1.622808e+00  5.872873e-06  2.001685e-05      3136         0
   278   69.500  -111.84695782  2.899701e-01  1.622809e+00  5.753652e-06  1.961053e-05      3147         0
   279   69.750  -111.84695834  2.899710e-01  1.622809e+00  5.636852e-06  1.921245e-05      3158         0
   280   70.000  -111.84695886  2.899718e-01  1.622809e+00  5.522423e-06  1.882245e-05      3169         0
   281   70.250  -111.84695936  2.899726e-01  1.622809e+00  5.410317e-06  1.844037e-05      3180         0
   282   70.500  -111.84695986  2.899734e-01  1.622809e+00  5.300486e-06  1.806605e-05      3191         0
   283   70.750  -111.84696034  2.899741e-01  1.622809e+00  5.192885e-06  1.769932e-05      3202         0
   284   71.000  -111.84696081  2.899749e-01  1.622809e+00  5.087469e-06  1.734004e-05      3213         0
   285   71.250  -111.84696128  2.899756e-01  1.622810e+00  4.984192e-06  1.698805e-05      3224         0
   286   71.500  -111.84696173  2.899763e-01  1.622810e+00  4.883013e-06  1.664321e-05      3235         0
   287   71.750  -111.84696218  2.899770e-01  1.622810e+00  4.783887e-06  1.630537e-05      3246         0
   288   72.000  -111.84696261  2.899777e-01  1.622810e+00  4.686773e-06  1.597438e-05      3257         0
   289   72.250  -111.84696304  2.899784e-01  1.622810e+00  4.591631e-06  1.565011e-05      3268         0
   290   72.500  -111.84696346  2.899790e-01  1.622810e+00  4.498420e-06  1.533243e-05      3279         0
   291   72.750  -111.84696387  2.899797e-01  1.622810e+00  4.407101e-06  1.502119e-05      3290         0
   292   73.000  -111.84696427  2.899803e-01  1.622810e+00  4.317637e-06  1.471627e-05      3301         0
   293   73.250  -111.84696467  2.899809e-01  1.622811e+00  4.229988e-06  1.441754e-05      3312         0
   294   73.500  -111.84696505  2.899816e-01  1.622811e+00  4.144119e-06  1.412487e-05      3323         0
   295   73.750  -111.84696543  2.899822e-01  1.622811e+00  4.059993e-06  1.383815e-05      3334         0
   296   74.000  -111.84696580  2.899827e-01  1.622811e+00  3.977574e-06  1.355724e-05      3345         0
   297   74.250  -111.84696616  2.899833e-01  1.622811e+00  3.896829e-06  1.328204e-05      3356         0
   298   74.500  -111.84696652  2.899839e-01  1.622811e+00  3.817723e-06  1.301242e-05      3367         0
   299   74.750  -111.84696687  2.899844e-01  1.622811e+00  3.740223e-06  1.274828e-05      3378         0
   300   75.000  -111.84696721  2.899850e-01  1.622811e+00  3.664296e-06  1.248950e-05      3389         0
   301   75.250  -111.84696754  2.899855e-01  1.622811e+00  3.589910e-06  1.223597e-05      3400         0
   302   75.500  -111.84696787  2.899860e-01  1.622812e+00  3.517035e-06  1.198758e-05      3411         0
   303   75.750  -111.84696819  2.899865e-01  1.622812e+00  3.445639e-06  1.174424e-05      3422         0
   304   76.000  -111.84696850  2.899870e-01  1.622812e+00  3.375692e-06  1.150584e-05      3433         0
   305   76.250  -111.84696881  2.899875e-01  1.622812e+00  3.307165e-06  1.127228e-05      3444         0
   306   76.500  -111.84696911  2.899880e-01  1.622812e+00  3.240029e-06  1.104346e-05      3455         0
   307   76.750  -111.84696941  2.899884e-01  1.622812e+00  3.174256e-06  1.081928e-05      3466         0
   308   77.000  -111.84696970  2.899889e-01  1.622812e+00  3.109819e-06  1.059966e-05      3477         0
   309   77.250  -111.84696998  2.899893e-01  1.622812e+00  3.046689e-06  1.038449e-05      3488         0
   310   77.500  -111.84697026  2.899898e-01  1.622812e+00  2.984841e-06  1.017369e-05      3499         0
   311   77.750  -111.84697053  2.899902e-01  1.622812e+00  2.924249e-06  9.967168e-06      3510         0
   312   78.000  -111.84697080  2.899906e-01  1.622812e+00  2.864886e-06  9.764839e-06      3521         0
   313   78.250  -111.84697106  2.899910e-01  1.622812e+00  2.806729e-06  9.566618e-06      3532         0
   314   78.500  -111.84697132  2.899915e-01  1.622813e+00  2.749752e-06  9.372420e-06      3543         0
   315   78.750  -111.84697157  2.899918e-01  1.622813e+00  2.693932e-06  9.182164e-06      3554         0
   316   79.000  -111.84697181  2.899922e-01  1.622813e+00  2.639245e-06  8.995771e-06      3565         0
   317   79.250  -111.84697205  2.899926e-01  1.622813e+00  2.585668e-06  8.813160e-06      3576         0
   318   79.500  -111.84697229  2.899930e-01  1.622813e+00  2.533179e-06  8.634257e-06      3587         0
   319   79.750  -111.84697252  2.899934e-01  1.622813e+00  2.481755e-06  8.458985e-06      3598         0
   320   80.000  -111.84697275  2.899937e-01  1.622813e+00  2.431375e-06  8.287272e-06      3609         0
   321   80.250  -111.84697297  2.899941e-01  1.622813e+00  2.382018e-06  8.119043e-06      3620         0
   322   80.500  -111.84697318  2.899944e-01  1.622813e+00  2.333663e-06  7.954230e-06      3631         0
   323   80.750  -111.84697340  2.899947e-01  1.622813e+00  2.286290e-06  7.792763e-06      3642         0
   324   81.000  -111.84697361  2.899951e-01  1.622813e+00  2.239878e-06  7.634573e-06      3653         0
   325   81.250  -111.84697381  2.899954e-01  1.622813e+00  2.194408e-06  7.479594e-06      3664         0
   326   81.500  -111.84697401  2.899957e-01  1.622813e+00  2.149862e-06  7.327761e-06      3675         0
   327   81.750  -111.84697421  2.899960e-01  1.622813e+00  2.106219e-06  7.179010e-06      3686         0
   328   82.000  -111.84697440  2.899963e-01  1.622813e+00  2.063463e-06  7.033279e-06      3697         0
   329   82.250  -111.84697459  2.899966e-01  1.622814e+00  2.021575e-06  6.890506e-06      3708         0
   330   82.500  -111.84697477  2.899969e-01  1.622814e+00  1.980537e-06  6.750631e-06      3719         0
   331   82.750  -111.84697495  2.899972e-01  1.622814e+00  1.940332e-06  6.613596e-06      3730         0
   332   83.000  -111.84697513  2.899975e-01  1.622814e+00  1.900943e-06  6.479342e-06      3741         0
   333   83.250  -111.84697530  2.899977e-01  1.622814e+00  1.862354e-06  6.347813e-06      3752         0
   334   83.500  -111.84697547  2.899980e-01  1.622814e+00  1.824548e-06  6.218955e-06      3763         0
   335   83.750  -111.84697564  2.899983e-01  1.622814e+00  1.787510e-06  6.092712e-06      3774         0
   336   84.000  -111.84697580  2.899985e-01  1.622814e+00  1.751223e-06  5.969032e-06      3785         0
   337   84.250  -111.84697596  2.899988e-01  1.622814e+00  1.715673e-06  5.847863e-06      3796         0
   338   84.500  -111.84697612  2.899990e-01  1.622814e+00  1.680845e-06  5.729153e-06      3807         0
   339   84.750  -111.84697627  2.899993e-01  1.622814e+00  1.646724e-06  5.612853e-06      3818         0
   340   85.000  -111.84697642  2.899995e-01  1.622814e+00  1.613295e-06  5.498914e-06      3829         0
   341   85.250  -111.84697657  2.899997e-01  1.622814e+00  1.580545e-06  5.387287e-06      3840         0
   342   85.500  -111.84697671  2.900000e-01  1.622814e+00  1.548460e-06  5.277927e-06      3851         0
   343   85.750  -111.84697685  2.900002e-01  1.622814e+00  1.517027e-06  5.170787e-06      3862         0
   344   86.000  -111.84697699  2.900004e-01  1.622814e+00  1.486231e-06  5.065821e-06      3873         0
   345   86.250  -111.84697712  2.900006e-01  1.622814e+00  1.456060e-06  4.962986e-06      3884         0
   346   86.500  -111.84697726  2.900008e-01  1.622814e+00  1.426502e-06  4.862239e-06      3895         0
   347   86.750  -111.84697739  2.900010e-01  1.622814e+00  1.397544e-06  4.763537e-06      3906         0
   348   87.000  -111.84697751  2.900012e-01  1.622814e+00  1.369174e-06  4.666838e-06      3917         0
   349   87.250  -111.84697764  2.900014e-01  1.622814e+00  1.341380e-06  4.572103e-06      3928         0
   350   87.500  -111.84697776  2.900016e-01  1.622814e+00  1.314150e-06  4.479290e-06      3939         0
   351   87.750  -111.84697788  2.900018e-01  1.622815e+00  1.287473e-06  4.388362e-06      3950         0
   352   88.000  -111.84697800  2.900020e-01  1.622815e+00  1.261337e-06  4.299279e-06      3961         0
   353   88.250  -111.84697811  2.900022e-01  1.622815e+00  1.235732e-06  4.212005e-06      3972         0
   354   88.500  -111.84697823  2.900024e-01  1.622815e+00  1.210647e-06  4.126502e-06      3983         0
   355   88.750  -111.84697834  2.900025e-01  1.622815e+00  1.186070e-06  4.042735e-06      3994         0
   356   89.000  -111.84697844  2.900027e-01  1.622815e+00  1.161993e-06  3.960669e-06      4005         0
   357   89.250  -111.84697855  2.900029e-01  1.622815e+00  1.138405e-06  3.880268e-06      4016         0
   358   89.500  -111.84697865  2.900030e-01  1.622815e+00  1.115295e-06  3.801499e-06      4027         0
   359   89.750  -111.84697876  2.900032e-01  1.622815e+00  1.092655e-06  3.724330e-06      4038         0
   360   90.000  -111.84697885  2.900034e-01  1.622815e+00  1.070474e-06  3.648727e-06      4049         0
   361   90.250  -111.84697895  2.900035e-01  1.622815e+00  1.048743e-06  3.574658e-06      4060         0
   362   90.500  -111.84697905  2.900037e-01  1.622815e+00  1.027454e-06  3.502093e-06      4071         0
   363   90.750  -111.84697914  2.900038e-01  1.622815e+00  1.006596e-06  3.431002e-06      4082         0
   364   91.000  -111.84697923  2.900040e-01  1.622815e+00  9.861625e-07  3.361353e-06      4093         0
   365   91.250  -111.84697932  2.900041e-01  1.622815e+00  9.661434e-07  3.293118e-06      4104         0
   366   91.500  -111.84697941  2.900042e-01  1.622815e+00  9.465307e-07  3.226269e-06      4115         0
   367   91.750  -111.84697950  2.900044e-01  1.622815e+00  9.273162e-07  3.160776e-06      4126         0
   368   92.000  -111.84697958  2.900045e-01  1.622815e+00  9.084917e-07  3.096613e-06      4137         0
   369   92.250  -111.84697966  2.900046e-01  1.622815e+00  8.900493e-07  3.033752e-06      4148         0
   370   92.500  -111.84697975  2.900048e-01  1.622815e+00  8.719813e-07  2.972168e-06      4159         0
   371   92.750  -111.84697982  2.900049e-01  1.622815e+00  8.542801e-07  2.911833e-06      4170         0
   372   93.000  -111.84697990  2.900050e-01  1.622815e+00  8.369382e-07  2.852724e-06      4181         0
   373   93.250  -111.84697998  2.900051e-01  1.622815e+00  8.199484e-07  2.794814e-06      4192         0
   374   93.500  -111.84698005  2.900053e-01  1.622815e+00  8.033035e-07  2.738080e-06      4203         0
   375   93.750  -111.84698013  2.900054e-01  1.622815e+00  7.869964e-07  2.682497e-06      4214         0
   376   94.000  -111.84698020  2.900055e-01  1.622815e+00  7.710204e-07  2.628043e-06      4225         0
   377   94.250  -111.84698027  2.900056e-01  1.622815e+00  7.553687e-07  2.574694e-06      4236         0
   378   94.500  -111.84698034  2.900057e-01  1.622815e+00  7.400348e-07  2.522428e-06      4247         0
   379   94.750  -111.84698040  2.900058e-01  1.622815e+00  7.250121e-07  2.471223e-06      4258         0
   380   95.000  -111.84698047  2.900059e-01  1.622815e+00  7.102944e-07  2.421058e-06      4269         0
   381   95.250  -111.84698054  2.900060e-01  1.622815e+00  6.958754e-07  2.371911e-06      4280         0
   382   95.500  -111.84698060  2.900061e-01  1.622815e+00  6.817491e-07  2.323761e-06      4291         0
   383   95.750  -111.84698066  2.900062e-01  1.622815e+00  6.679097e-07  2.276589e-06      4302         0
   384   96.000  -111.84698072  2.900063e-01  1.622815e+00  6.543511e-07  2.230375e-06      4313         0
   385   96.250  -111.84698078  2.900064e-01  1.622815e+00  6.410678e-07  2.185099e-06      4324         0
   386   96.500  -111.84698084  2.900065e-01  1.622815e+00  6.280541e-07  2.140742e-06      4335         0
   387   96.750  -111.84698090  2.900066e-01  1.622815e+00  6.153047e-07  2.097285e-06      4346         0
   388   97.000  -111.84698095  2.900067e-01  1.622815e+00  6.028140e-07  2.054710e-06      4357         0
   389   97.250  -111.84698101  2.900068e-01  1.622815e+00  5.905769e-07  2.013000e-06      4368         0
   390   97.500  -111.84698106  2.900069e-01  1.622815e+00  5.785882e-07  1.972136e-06      4379         0
   391   97.750  -111.84698111  2.900069e-01  1.622815e+00  5.668429e-07  1.932102e-06      4390         0
   392   98.000  -111.84698117  2.900070e-01  1.622815e+00  5.553360e-07  1.892881e-06      4401         0
   393   98.250  -111.84698122  2.900071e-01  1.622815e+00  5.440627e-07  1.854456e-06      4412         0
   394   98.500  -111.84698127  2.900072e-01  1.622816e+00  5.330182e-07  1.816810e-06      4423         0
   395   98.750  -111.84698131  2.900073e-01  1.622816e+00  5.221980e-07  1.779929e-06      4434         0
   396   99.000  -111.84698136  2.900073e-01  1.622816e+00  5.115974e-07  1.743797e-06      4445         0
   397   99.250  -111.84698141  2.900074e-01  1.622816e+00  5.012120e-07  1.708398e-06      4456         0
   398   99.500  -111.84698145  2.900075e-01  1.622816e+00  4.910374e-07  1.673718e-06      4467         0
   399   99.750  -111.84698150  2.900075e-01  1.622816e+00  4.810693e-07  1.639742e-06      4478         0
   400  100.000  -111.84698154  2.900076e-01  1.622816e+00  4.713037e-07  1.606455e-06      4489         0
   401  100.250  -111.84698159  2.900077e-01  1.622816e+00  4.617362e-07  1.573844e-06      4500         0
   402  100.500  -111.84698163  2.900078e-01  1.622816e+00  4.523630e-07  1.541896e-06      4511         0
   403  100.750  -111.84698167  2.900078e-01  1.622816e+00  4.431800e-07  1.510595e-06      4522         0
   404  101.000  -111.84698171  2.900079e-01  1.622816e+00  4.341835e-07  1.479930e-06      4533         0
   405  101.250  -111.84698175  2.900079e-01  1.622816e+00  4.253696e-07  1.449888e-06      4544         0
   406  101.500  -111.84698179  2.900080e-01  1.622816e+00  4.167346e-07  1.420455e-06      4555         0
   407  101.750  -111.84698183  2.900081e-01  1.622816e+00  4.082749e-07  1.391620e-06      4566         0
   408  102.000  -111.84698186  2.900081e-01  1.622816e+00  3.999869e-07  1.363371e-06      4577         0
   409  102.250  -111.84698190  2.900082e-01  1.622816e+00  3.918672e-07  1.335694e-06      4588         0
   410  102.500  -111.84698194  2.900082e-01  1.622816e+00  3.839123e-07  1.308580e-06      4599         0
   411  102.750  -111.84698197  2.900083e-01  1.622816e+00  3.761189e-07  1.282016e-06      4610         0
   412  103.000  -111.84698200  2.900083e-01  1.622816e+00  3.684837e-07  1.255991e-06      4621         0
   413  103.250  -111.84698204  2.900084e-01  1.622816e+00  3.610035e-07  1.230495e-06      4632         0
   414  103.500  -111.84698207  2.900085e-01  1.622816e+00  3.536752e-07  1.205516e-06      4643         0
   415  103.750  -111.84698210  2.900085e-01  1.622816e+00  3.464956e-07  1.181044e-06      4654         0
   416  104.000  -111.84698213  2.900086e-01  1.622816e+00  3.394617e-07  1.157069e-06      4665         0
   417  104.250  -111.84698217  2.900086e-01  1.622816e+00  3.325707e-07  1.133580e-06      4676         0
   418  104.500  -111.84698220  2.900087e-01  1.622816e+00  3.258195e-07  1.110569e-06      4687         0
   419  104.750  -111.84698223  2.900087e-01  1.622816e+00  3.192054e-07  1.088024e-06      4698         0
   420  105.000  -111.84698225  2.900087e-01  1.622816e+00  3.127255e-07  1.065938e-06      4709         0
   421  105.250  -111.84698228  2.900088e-01  1.622816e+00  3.063772e-07  1.044299e-06      4720         0
   422  105.500  -111.84698231  2.900088e-01  1.622816e+00  3.001578e-07  1.023100e-06      4731         0
   423  105.750  -111.84698234  2.900089e-01  1.622816e+00  2.940646e-07  1.002331e-06      4742         0
   424  106.000  -111.84698237  2.900089e-01  1.622816e+00  2.880951e-07  9.819840e-07      4753         0
   425  106.250  -111.84698239  2.900090e-01  1.622816e+00  2.822468e-07  9.620499e-07      4764         0
   426  106.500  -111.84698242  2.900090e-01  1.622816e+00  2.765172e-07  9.425204e-07      4775         0
Operator:Rp2
   HF point proton radius     2.147429 charge radius     2.302077 => HF+PT     2.322211
IMSRG point proton radius     2.210162 charge radius     2.360704
target: Ca40 Ref. => Z=20 N=20 E:    -242.2325  = E1b    980.70  + E2b  -1222.94   (    -69.47  -989.88  -163.58)
EMP2    -52.61629 1b    -0.000 pp    -7.237 pn   -37.984 nn    -7.395
EMP3      3.45120 pp     0.480 hh    -1.711 ph     4.682
E_HF   -242.23255  E_MBPT(3) =    -291.3976  Eexp:     -342.052

parameters in ann_sample_params.jl will be used.
 step:        s             E0   ||Omega_1||   ||Omega_2||     ||Eta_1||     ||Eta_2||    Ncomm.  nwritten
     0    0.000  -242.23254846  0.000000e+00  0.000000e+00  3.609144e-16  2.479196e+00         0         0
     1    0.250  -264.81639776  9.022860e-17  6.197990e-01  1.750834e-02  1.737267e+00         9         0
     2    0.500  -276.61045900  4.394255e-03  1.053205e+00  2.712596e-02  1.276324e+00        21         0
     3    0.750  -283.15093417  1.120026e-02  1.370414e+00  3.242310e-02  9.629982e-01        33         0
     4    1.000  -286.92746647  1.932219e-02  1.608341e+00  3.514006e-02  7.403799e-01        46         0
     5    1.250  -289.18148896  2.810920e-02  1.789742e+00  3.622653e-02  5.778757e-01        60         0
     6    1.500  -290.56751393  3.714934e-02  1.929781e+00  3.624294e-02  4.569372e-01        74         0
     7    1.750  -291.44388189  4.617452e-02  2.039013e+00  3.554015e-02  3.655199e-01        88         0
     8    2.000  -292.01275176  5.500701e-02  2.124992e+00  3.435093e-02  2.954718e-01       102         0
     9    2.250  -292.39123003  6.352875e-02  2.193225e+00  3.283786e-02  2.411270e-01       116         0
    10    2.500  -292.64885997  7.166275e-02  2.247786e+00  3.111900e-02  1.984748e-01       130         0
    11    2.750  -292.82794308  7.936130e-02  2.291724e+00  2.928216e-02  1.646362e-01       144         0
    12    3.000  -292.95481972  8.659795e-02  2.327340e+00  2.739336e-02  1.375200e-01       157         0
    13    3.250  -293.04626812  9.336236e-02  2.356390e+00  2.550190e-02  1.155914e-01       170         0
    14    3.500  -293.11321147  9.965562e-02  2.380221e+00  2.364427e-02  9.771142e-02       184         0
    15    3.750  -293.16290920  1.054873e-01  2.399879e+00  2.184679e-02  8.302609e-02       198         0
    16    4.000  -293.20027939  1.108732e-01  2.416176e+00  2.012771e-02  7.088808e-02       212         0
    17    4.250  -293.22871325  1.158331e-01  2.429752e+00  1.849900e-02  6.080124e-02       226         0
    18    4.500  -293.25058691  1.203897e-01  2.441113e+00  1.696766e-02  5.238102e-02       240         0
    19    4.750  -293.26758945  1.245671e-01  2.450659e+00  1.553694e-02  4.532603e-02       254         0
    20    5.000  -293.28093720  1.283901e-01  2.458713e+00  1.420726e-02  3.939751e-02       268         0
    21    5.250  -293.29151629  1.318836e-01  2.465534e+00  1.297693e-02  3.440425e-02       282         0
    22    5.500  -293.29997907  1.350720e-01  2.471330e+00  1.184276e-02  3.019156e-02       296         0
    23    5.750  -293.30681033  1.379791e-01  2.476272e+00  1.080055e-02  2.663304e-02       310         0
    24    6.000  -293.31237352  1.406272e-01  2.480500e+00  9.845409e-03  2.362440e-02       324         0
    25    6.250  -293.31694327  1.430379e-01  2.484128e+00  8.972096e-03  2.107885e-02       338         0
    26    6.500  -293.32072872  1.452312e-01  2.487250e+00  8.175178e-03  1.892359e-02       352         0
    27    6.750  -293.32389026  1.472260e-01  2.489945e+00  7.449216e-03  1.709711e-02       366         0
    28    7.000  -293.32655299  1.490437e-01  2.492277e+00  6.786891e-03  1.554777e-02       379         0
    29    7.250  -293.32881179  1.506956e-01  2.494302e+00  6.185407e-03  1.423037e-02       392         0
    30    7.500  -293.33074204  1.521966e-01  2.496064e+00  5.639781e-03  1.310702e-02       405         0
    31    7.750  -293.33240314  1.535606e-01  2.497601e+00  5.145299e-03  1.214546e-02       418         0
    32    8.000  -293.33384218  1.548002e-01  2.498947e+00  4.697540e-03  1.131832e-02       431         0
    33    8.250  -293.33509675  1.559270e-01  2.500128e+00  4.292378e-03  1.060251e-02       444         0
    34    8.500  -293.33619705  1.569514e-01  2.501167e+00  3.925986e-03  9.978676e-03       457         0
    35    8.750  -293.33716748  1.578830e-01  2.502084e+00  3.594827e-03  9.430709e-03       470         0
    36    9.000  -293.33802790  1.587307e-01  2.502896e+00  3.295643e-03  8.945289e-03       483         0
    37    9.250  -293.33879456  1.595023e-01  2.503616e+00  3.025438e-03  8.511481e-03       496         0
    38    9.500  -293.33948085  1.602049e-01  2.504258e+00  2.781468e-03  8.120363e-03       509         0
    39    9.750  -293.34009786  1.608452e-01  2.504830e+00  2.561222e-03  7.764690e-03       522         0
    40   10.000  -293.34065484  1.614290e-01  2.505343e+00  2.362405e-03  7.438605e-03       535         0
    41   10.250  -293.34115953  1.619617e-01  2.505804e+00  2.182924e-03  7.137384e-03       548         0
    42   10.500  -293.34161847  1.624480e-01  2.506219e+00  2.020871e-03  6.857228e-03       561         0
    43   10.750  -293.34203718  1.628925e-01  2.506594e+00  1.874510e-03  6.595081e-03       574         0
    44   11.000  -293.34242039  1.632990e-01  2.506934e+00  1.742260e-03  6.348483e-03       587         0
    45   11.250  -293.34277212  1.636711e-01  2.507244e+00  1.622690e-03  6.115450e-03       600         0
    46   11.500  -293.34309583  1.640121e-01  2.507527e+00  1.514497e-03  5.894379e-03       613         0
    47   11.750  -293.34339454  1.643248e-01  2.507785e+00  1.416503e-03  5.683968e-03       626         0
    48   12.000  -293.34367082  1.646119e-01  2.508023e+00  1.327643e-03  5.483154e-03       639         0
    49   12.250  -293.34392694  1.648758e-01  2.508242e+00  1.246954e-03  5.291061e-03       652         0
    50   12.500  -293.34416488  1.651186e-01  2.508444e+00  1.173570e-03  5.106966e-03       665         0
    51   12.750  -293.34438637  1.653422e-01  2.508631e+00  1.106709e-03  4.930262e-03       678         0
    52   13.000  -293.34459294  1.655485e-01  2.508805e+00  1.045672e-03  4.760440e-03       691         0
    53   13.250  -293.34478593  1.657389e-01  2.508967e+00  9.898316e-04  4.597061e-03       704         0
    54   13.500  -293.34496982  1.659086e-01  2.509118e+00  9.441176e-04  4.438759e-03       716         0
    55   13.750  -293.34514258  1.660668e-01  2.509260e+00  9.013006e-04  4.286341e-03       728         0
    56   14.000  -293.34530508  1.662146e-01  2.509393e+00  8.611790e-04  4.139494e-03       740         0
    57   14.250  -293.34545811  1.663525e-01  2.509518e+00  8.235512e-04  3.997938e-03       752         0
    58   14.500  -293.34560238  1.664816e-01  2.509636e+00  7.882217e-04  3.861426e-03       764         0
    59   14.750  -293.34573855  1.666023e-01  2.509748e+00  7.550056e-04  3.729732e-03       776         0
    60   15.000  -293.34586721  1.667154e-01  2.509853e+00  7.237305e-04  3.602651e-03       788         0
    61   15.250  -293.34598888  1.668215e-01  2.509953e+00  6.942375e-04  3.479996e-03       800         0
    62   15.500  -293.34610405  1.669211e-01  2.510048e+00  6.663811e-04  3.361590e-03       812         0
    63   15.750  -293.34621318  1.670146e-01  2.510139e+00  6.400292e-04  3.247270e-03       824         0
    64   16.000  -293.34631666  1.671026e-01  2.510225e+00  6.150619e-04  3.136882e-03       836         0
    65   16.250  -293.34641486  1.671854e-01  2.510307e+00  5.913707e-04  3.030281e-03       848         0
    66   16.500  -293.34650813  1.672635e-01  2.510386e+00  5.688581e-04  2.927330e-03       860         0
    67   16.750  -293.34659678  1.673371e-01  2.510461e+00  5.474359e-04  2.827896e-03       872         0
    68   17.000  -293.34668110  1.674066e-01  2.510533e+00  5.270249e-04  2.731856e-03       884         0
    69   17.250  -293.34676134  1.674723e-01  2.510602e+00  5.075536e-04  2.639090e-03       896         0
    70   17.500  -293.34683776  1.675345e-01  2.510668e+00  4.889576e-04  2.549483e-03       908         0
    71   17.750  -293.34691058  1.675933e-01  2.510731e+00  4.711789e-04  2.462926e-03       920         0
    72   18.000  -293.34698001  1.676491e-01  2.510792e+00  4.541648e-04  2.379314e-03       932         0
    73   18.250  -293.34704624  1.677020e-01  2.510850e+00  4.378679e-04  2.298543e-03       944         0
    74   18.500  -293.34710946  1.677522e-01  2.510906e+00  4.222450e-04  2.220518e-03       956         0
    75   18.750  -293.34716982  1.678000e-01  2.510960e+00  4.072569e-04  2.145144e-03       968         0
    76   19.000  -293.34722749  1.678453e-01  2.511012e+00  3.928679e-04  2.072331e-03       980         0
    77   19.250  -293.34728260  1.678885e-01  2.511062e+00  3.790454e-04  2.001990e-03       992         0
    78   19.500  -293.34733530  1.679296e-01  2.511111e+00  3.657595e-04  1.934037e-03      1004         0
    79   19.750  -293.34738571  1.679688e-01  2.511157e+00  3.529829e-04  1.868392e-03      1016         0
    80   20.000  -293.34743395  1.680062e-01  2.511202e+00  3.406901e-04  1.804976e-03      1028         0
    81   20.250  -293.34748013  1.680419e-01  2.511245e+00  3.288580e-04  1.743712e-03      1040         0
    82   20.500  -293.34752436  1.680759e-01  2.511286e+00  3.174648e-04  1.684528e-03      1052         0
    83   20.750  -293.34756672  1.681085e-01  2.511327e+00  3.064906e-04  1.627353e-03      1064         0
    84   21.000  -293.34760731  1.681396e-01  2.511365e+00  2.959166e-04  1.572119e-03      1076         0
    85   21.250  -293.34764623  1.681694e-01  2.511403e+00  2.857255e-04  1.518760e-03      1088         0
    86   21.500  -293.34768353  1.681978e-01  2.511439e+00  2.759009e-04  1.467212e-03      1100         0
    87   21.750  -293.34771932  1.682251e-01  2.511474e+00  2.664276e-04  1.417413e-03      1112         0
    88   22.000  -293.34775365  1.682513e-01  2.511507e+00  2.572910e-04  1.369304e-03      1124         0
    89   22.250  -293.34778659  1.682763e-01  2.511540e+00  2.484777e-04  1.322829e-03      1136         0
    90   22.500  -293.34781821  1.683004e-01  2.511571e+00  2.399749e-04  1.277931e-03      1148         0
    91   22.750  -293.34784856  1.683234e-01  2.511601e+00  2.317704e-04  1.234556e-03      1160         0
    92   23.000  -293.34787772  1.683455e-01  2.511630e+00  2.238527e-04  1.192654e-03      1172         0
    93   23.250  -293.34790572  1.683668e-01  2.511659e+00  2.162110e-04  1.152174e-03      1184         0
    94   23.500  -293.34793262  1.683872e-01  2.511686e+00  2.088348e-04  1.113068e-03      1196         0
    95   23.750  -293.34795846  1.684068e-01  2.511712e+00  2.017143e-04  1.075290e-03      1208         0
    96   24.000  -293.34798330  1.684256e-01  2.511738e+00  1.948400e-04  1.038793e-03      1220         0
    97   24.250  -293.34800718  1.684438e-01  2.511762e+00  1.882030e-04  1.003536e-03      1232         0
    98   24.500  -293.34803014  1.684612e-01  2.511786e+00  1.817946e-04  9.694745e-04      1244         0
    99   24.750  -293.34805222  1.684779e-01  2.511809e+00  1.756066e-04  9.365694e-04      1256         0
   100   25.000  -293.34807345  1.684941e-01  2.511831e+00  1.696311e-04  9.047812e-04      1268         0
   101   25.250  -293.34809388  1.685096e-01  2.511853e+00  1.638606e-04  8.740719e-04      1280         0
   102   25.500  -293.34811353  1.685245e-01  2.511873e+00  1.582877e-04  8.444049e-04      1292         0
   103   25.750  -293.34813243  1.685389e-01  2.511893e+00  1.529055e-04  8.157449e-04      1304         0
   104   26.000  -293.34815063  1.685528e-01  2.511913e+00  1.477073e-04  7.880575e-04      1316         0
   105   26.250  -293.34816814  1.685661e-01  2.511931e+00  1.426867e-04  7.613099e-04      1328         0
   106   26.500  -293.34818499  1.685790e-01  2.511949e+00  1.378375e-04  7.354702e-04      1340         0
   107   26.750  -293.34820122  1.685914e-01  2.511967e+00  1.331538e-04  7.105074e-04      1352         0
   108   27.000  -293.34821685  1.686033e-01  2.511984e+00  1.286297e-04  6.863919e-04      1364         0
   109   27.250  -293.34823189  1.686148e-01  2.512000e+00  1.242598e-04  6.630949e-04      1376         0
   110   27.500  -293.34824638  1.686259e-01  2.512016e+00  1.200387e-04  6.405886e-04      1388         0
   111   27.750  -293.34826034  1.686366e-01  2.512031e+00  1.159614e-04  6.188462e-04      1400         0
   112   28.000  -293.34827378  1.686469e-01  2.512046e+00  1.120228e-04  5.978417e-04      1412         0
   113   28.250  -293.34828674  1.686569e-01  2.512060e+00  1.082182e-04  5.775501e-04      1424         0
   114   28.500  -293.34829921  1.686665e-01  2.512074e+00  1.045431e-04  5.579473e-04      1436         0
   115   28.750  -293.34831124  1.686757e-01  2.512087e+00  1.009929e-04  5.390097e-04      1448         0
   116   29.000  -293.34832282  1.686847e-01  2.512100e+00  9.756344e-05  5.207150e-04      1460         0
   117   29.250  -293.34833399  1.686933e-01  2.512112e+00  9.425055e-05  5.030411e-04      1472         0
   118   29.500  -293.34834475  1.687016e-01  2.512124e+00  9.105027e-05  4.859671e-04      1484         0
   119   29.750  -293.34835512  1.687096e-01  2.512136e+00  8.795873e-05  4.694727e-04      1496         0
   120   30.000  -293.34836512  1.687173e-01  2.512147e+00  8.497224e-05  4.535380e-04      1508         0
   121   30.250  -293.34837476  1.687248e-01  2.512158e+00  8.208722e-05  4.381442e-04      1520         0
   122   30.500  -293.34838405  1.687320e-01  2.512168e+00  7.930020e-05  4.232728e-04      1532         0
   123   30.750  -293.34839301  1.687390e-01  2.512178e+00  7.660785e-05  4.089062e-04      1544         0
   124   31.000  -293.34840165  1.687457e-01  2.512188e+00  7.400694e-05  3.950273e-04      1556         0
   125   31.250  -293.34840998  1.687522e-01  2.512197e+00  7.149437e-05  3.816193e-04      1568         0
   126   31.500  -293.34841802  1.687584e-01  2.512206e+00  6.906713e-05  3.686665e-04      1580         0
   127   31.750  -293.34842577  1.687645e-01  2.512215e+00  6.672231e-05  3.561532e-04      1592         0
   128   32.000  -293.34843324  1.687703e-01  2.512224e+00  6.445712e-05  3.440647e-04      1604         0
   129   32.250  -293.34844045  1.687759e-01  2.512232e+00  6.226885e-05  3.323865e-04      1616         0
   130   32.500  -293.34844740  1.687814e-01  2.512240e+00  6.015488e-05  3.211046e-04      1628         0
   131   32.750  -293.34845411  1.687866e-01  2.512248e+00  5.811269e-05  3.102057e-04      1640         0
   132   33.000  -293.34846058  1.687917e-01  2.512255e+00  5.613984e-05  2.996767e-04      1652         0
   133   33.250  -293.34846682  1.687966e-01  2.512262e+00  5.423397e-05  2.895050e-04      1664         0
   134   33.500  -293.34847284  1.688013e-01  2.512269e+00  5.239281e-05  2.796786e-04      1676         0
   135   33.750  -293.34847865  1.688059e-01  2.512276e+00  5.061416e-05  2.701857e-04      1688         0
   136   34.000  -293.34848425  1.688103e-01  2.512282e+00  4.889589e-05  2.610150e-04      1700         0
   137   34.250  -293.34848966  1.688145e-01  2.512289e+00  4.723597e-05  2.521555e-04      1712         0
   138   34.500  -293.34849488  1.688187e-01  2.512295e+00  4.563239e-05  2.435968e-04      1724         0
   139   34.750  -293.34849992  1.688226e-01  2.512300e+00  4.408326e-05  2.353286e-04      1736         0
   140   35.000  -293.34850478  1.688265e-01  2.512306e+00  4.258672e-05  2.273409e-04      1748         0
   141   35.250  -293.34850947  1.688302e-01  2.512311e+00  4.114099e-05  2.196244e-04      1760         0
   142   35.500  -293.34851400  1.688337e-01  2.512317e+00  3.974434e-05  2.121698e-04      1772         0
   143   35.750  -293.34851837  1.688372e-01  2.512322e+00  3.839511e-05  2.049683e-04      1784         0
   144   36.000  -293.34852258  1.688405e-01  2.512327e+00  3.709168e-05  1.980111e-04      1796         0
   145   36.250  -293.34852665  1.688438e-01  2.512331e+00  3.583250e-05  1.912901e-04      1808         0
   146   36.500  -293.34853058  1.688469e-01  2.512336e+00  3.461607e-05  1.847972e-04      1820         0
   147   36.750  -293.34853437  1.688499e-01  2.512340e+00  3.344094e-05  1.785247e-04      1832         0
   148   37.000  -293.34853803  1.688528e-01  2.512345e+00  3.230570e-05  1.724651e-04      1844         0
   149   37.250  -293.34854156  1.688556e-01  2.512349e+00  3.120900e-05  1.666112e-04      1856         0
   150   37.500  -293.34854498  1.688583e-01  2.512353e+00  3.014953e-05  1.609559e-04      1868         0
   151   37.750  -293.34854827  1.688609e-01  2.512357e+00  2.912603e-05  1.554926e-04      1880         0
   152   38.000  -293.34855145  1.688635e-01  2.512360e+00  2.813728e-05  1.502148e-04      1892         0
   153   38.250  -293.34855451  1.688659e-01  2.512364e+00  2.718209e-05  1.451160e-04      1904         0
   154   38.500  -293.34855748  1.688683e-01  2.512368e+00  2.625933e-05  1.401904e-04      1916         0
   155   38.750  -293.34856034  1.688705e-01  2.512371e+00  2.536790e-05  1.354319e-04      1928         0
   156   39.000  -293.34856310  1.688727e-01  2.512374e+00  2.450673e-05  1.308349e-04      1940         0
   157   39.250  -293.34856576  1.688749e-01  2.512377e+00  2.367479e-05  1.263940e-04      1952         0
   158   39.500  -293.34856834  1.688769e-01  2.512380e+00  2.287110e-05  1.221038e-04      1964         0
   159   39.750  -293.34857082  1.688789e-01  2.512383e+00  2.209469e-05  1.179592e-04      1976         0
   160   40.000  -293.34857322  1.688808e-01  2.512386e+00  2.134465e-05  1.139553e-04      1988         0
   161   40.250  -293.34857554  1.688827e-01  2.512389e+00  2.062006e-05  1.100873e-04      2000         0
   162   40.500  -293.34857777  1.688845e-01  2.512392e+00  1.992007e-05  1.063506e-04      2012         0
   163   40.750  -293.34857993  1.688862e-01  2.512394e+00  1.924385e-05  1.027408e-04      2024         0
   164   41.000  -293.34858202  1.688879e-01  2.512397e+00  1.859058e-05  9.925340e-05      2036         0
   165   41.250  -293.34858403  1.688895e-01  2.512399e+00  1.795949e-05  9.588442e-05      2048         0
   166   41.500  -293.34858598  1.688910e-01  2.512401e+00  1.734982e-05  9.262979e-05      2060         0
   167   41.750  -293.34858786  1.688925e-01  2.512403e+00  1.676085e-05  8.948563e-05      2072         0
   168   42.000  -293.34858967  1.688940e-01  2.512406e+00  1.619188e-05  8.644820e-05      2084         0
   169   42.250  -293.34859142  1.688954e-01  2.512408e+00  1.564222e-05  8.351386e-05      2096         0
   170   42.500  -293.34859311  1.688968e-01  2.512410e+00  1.511122e-05  8.067912e-05      2108         0
   171   42.750  -293.34859475  1.688981e-01  2.512412e+00  1.459825e-05  7.794060e-05      2120         0
   172   43.000  -293.34859632  1.688993e-01  2.512413e+00  1.410269e-05  7.529503e-05      2132         0
   173   43.250  -293.34859785  1.689006e-01  2.512415e+00  1.362395e-05  7.273926e-05      2144         0
   174   43.500  -293.34859932  1.689017e-01  2.512417e+00  1.316147e-05  7.027024e-05      2156         0
   175   43.750  -293.34860074  1.689029e-01  2.512419e+00  1.271469e-05  6.788502e-05      2168         0
   176   44.000  -293.34860211  1.689040e-01  2.512420e+00  1.228307e-05  6.558077e-05      2180         0
   177   44.250  -293.34860343  1.689050e-01  2.512422e+00  1.186611e-05  6.335473e-05      2192         0
   178   44.500  -293.34860471  1.689061e-01  2.512423e+00  1.146330e-05  6.120424e-05      2204         0
   179   44.750  -293.34860595  1.689071e-01  2.512425e+00  1.107416e-05  5.912676e-05      2216         0
   180   45.000  -293.34860714  1.689080e-01  2.512426e+00  1.069824e-05  5.711978e-05      2228         0
   181   45.250  -293.34860830  1.689090e-01  2.512428e+00  1.033508e-05  5.518093e-05      2240         0
   182   45.500  -293.34860941  1.689099e-01  2.512429e+00  9.984243e-06  5.330790e-05      2252         0
   183   45.750  -293.34861049  1.689107e-01  2.512430e+00  9.645319e-06  5.149843e-05      2264         0
   184   46.000  -293.34861152  1.689116e-01  2.512432e+00  9.317900e-06  4.975039e-05      2276         0
   185   46.250  -293.34861253  1.689124e-01  2.512433e+00  9.001596e-06  4.806168e-05      2288         0
   186   46.500  -293.34861350  1.689132e-01  2.512434e+00  8.696030e-06  4.643029e-05      2300         0
   187   46.750  -293.34861443  1.689139e-01  2.512435e+00  8.400837e-06  4.485428e-05      2312         0
   188   47.000  -293.34861534  1.689146e-01  2.512436e+00  8.115664e-06  4.333176e-05      2324         0
   189   47.250  -293.34861621  1.689153e-01  2.512437e+00  7.840173e-06  4.186092e-05      2336         0
   190   47.500  -293.34861705  1.689160e-01  2.512438e+00  7.574033e-06  4.044000e-05      2348         0
   191   47.750  -293.34861787  1.689167e-01  2.512439e+00  7.316928e-06  3.906732e-05      2360         0
   192   48.000  -293.34861865  1.689173e-01  2.512440e+00  7.068551e-06  3.774123e-05      2372         0
   193   48.250  -293.34861941  1.689179e-01  2.512441e+00  6.828606e-06  3.646015e-05      2384         0
   194   48.500  -293.34862015  1.689185e-01  2.512442e+00  6.596806e-06  3.522256e-05      2396         0
   195   48.750  -293.34862086  1.689191e-01  2.512443e+00  6.372874e-06  3.402697e-05      2408         0
   196   49.000  -293.34862154  1.689196e-01  2.512444e+00  6.156544e-06  3.287197e-05      2420         0
   197   49.250  -293.34862220  1.689202e-01  2.512444e+00  5.947558e-06  3.175617e-05      2432         0
   198   49.500  -293.34862284  1.689207e-01  2.512445e+00  5.745667e-06  3.067824e-05      2444         0
   199   49.750  -293.34862346  1.689212e-01  2.512446e+00  5.550628e-06  2.963691e-05      2456         0
   200   50.000  -293.34862405  1.689217e-01  2.512447e+00  5.362211e-06  2.863092e-05      2468         0
   201   50.250  -293.34862463  1.689221e-01  2.512447e+00  5.180189e-06  2.765907e-05      2480         0
   202   50.500  -293.34862518  1.689226e-01  2.512448e+00  5.004347e-06  2.672022e-05      2492         0
   203   50.750  -293.34862572  1.689230e-01  2.512449e+00  4.834473e-06  2.581323e-05      2504         0
   204   51.000  -293.34862624  1.689234e-01  2.512449e+00  4.670367e-06  2.493703e-05      2516         0
   205   51.250  -293.34862674  1.689238e-01  2.512450e+00  4.511830e-06  2.409057e-05      2528         0
   206   51.500  -293.34862723  1.689242e-01  2.512450e+00  4.358676e-06  2.327284e-05      2540         0
   207   51.750  -293.34862769  1.689246e-01  2.512451e+00  4.210721e-06  2.248287e-05      2552         0
   208   52.000  -293.34862815  1.689250e-01  2.512451e+00  4.067788e-06  2.171972e-05      2564         0
   209   52.250  -293.34862858  1.689253e-01  2.512452e+00  3.929707e-06  2.098247e-05      2576         0
   210   52.500  -293.34862900  1.689257e-01  2.512452e+00  3.796313e-06  2.027024e-05      2588         0
   211   52.750  -293.34862941  1.689260e-01  2.512453e+00  3.667447e-06  1.958219e-05      2600         0
   212   53.000  -293.34862980  1.689263e-01  2.512453e+00  3.542956e-06  1.891749e-05      2612         0
   213   53.250  -293.34863018  1.689266e-01  2.512454e+00  3.422691e-06  1.827536e-05      2624         0
   214   53.500  -293.34863055  1.689269e-01  2.512454e+00  3.306508e-06  1.765502e-05      2636         0
   215   53.750  -293.34863091  1.689272e-01  2.512455e+00  3.194269e-06  1.705574e-05      2648         0
   216   54.000  -293.34863125  1.689275e-01  2.512455e+00  3.085840e-06  1.647680e-05      2660         0
   217   54.250  -293.34863158  1.689278e-01  2.512456e+00  2.981092e-06  1.591751e-05      2672         0
   218   54.500  -293.34863190  1.689280e-01  2.512456e+00  2.879899e-06  1.537721e-05      2684         0
   219   54.750  -293.34863221  1.689283e-01  2.512456e+00  2.782142e-06  1.485525e-05      2696         0
   220   55.000  -293.34863250  1.689285e-01  2.512457e+00  2.687703e-06  1.435100e-05      2708         0
   221   55.250  -293.34863279  1.689287e-01  2.512457e+00  2.596469e-06  1.386387e-05      2720         0
   222   55.500  -293.34863307  1.689290e-01  2.512457e+00  2.508333e-06  1.339328e-05      2732         0
   223   55.750  -293.34863334  1.689292e-01  2.512458e+00  2.423188e-06  1.293865e-05      2744         0
   224   56.000  -293.34863360  1.689294e-01  2.512458e+00  2.340934e-06  1.249946e-05      2756         0
   225   56.250  -293.34863385  1.689296e-01  2.512458e+00  2.261472e-06  1.207518e-05      2768         0
   226   56.500  -293.34863409  1.689298e-01  2.512459e+00  2.184707e-06  1.166530e-05      2780         0
   227   56.750  -293.34863433  1.689300e-01  2.512459e+00  2.110548e-06  1.126934e-05      2792         0
   228   57.000  -293.34863455  1.689302e-01  2.512459e+00  2.038906e-06  1.088681e-05      2804         0
   229   57.250  -293.34863477  1.689303e-01  2.512459e+00  1.969697e-06  1.051727e-05      2816         0
   230   57.500  -293.34863498  1.689305e-01  2.512460e+00  1.902836e-06  1.016027e-05      2828         0
   231   57.750  -293.34863519  1.689307e-01  2.512460e+00  1.838245e-06  9.815389e-06      2840         0
   232   58.000  -293.34863538  1.689308e-01  2.512460e+00  1.775847e-06  9.482216e-06      2852         0
   233   58.250  -293.34863557  1.689310e-01  2.512460e+00  1.715566e-06  9.160351e-06      2864         0
   234   58.500  -293.34863576  1.689311e-01  2.512461e+00  1.657332e-06  8.849412e-06      2876         0
   235   58.750  -293.34863593  1.689313e-01  2.512461e+00  1.601075e-06  8.549027e-06      2888         0
   236   59.000  -293.34863611  1.689314e-01  2.512461e+00  1.546727e-06  8.258839e-06      2900         0
   237   59.250  -293.34863627  1.689316e-01  2.512461e+00  1.494224e-06  7.978501e-06      2912         0
   238   59.500  -293.34863643  1.689317e-01  2.512461e+00  1.443504e-06  7.707678e-06      2924         0
   239   59.750  -293.34863659  1.689318e-01  2.512462e+00  1.394505e-06  7.446048e-06      2936         0
   240   60.000  -293.34863674  1.689319e-01  2.512462e+00  1.347169e-06  7.193299e-06      2948         0
   241   60.250  -293.34863688  1.689321e-01  2.512462e+00  1.301440e-06  6.949130e-06      2960         0
   242   60.500  -293.34863702  1.689322e-01  2.512462e+00  1.257264e-06  6.713248e-06      2972         0
   243   60.750  -293.34863715  1.689323e-01  2.512462e+00  1.214587e-06  6.485373e-06      2984         0
   244   61.000  -293.34863728  1.689324e-01  2.512462e+00  1.173358e-06  6.265233e-06      2996         0
   245   61.250  -293.34863741  1.689325e-01  2.512463e+00  1.133529e-06  6.052566e-06      3008         0
   246   61.500  -293.34863753  1.689326e-01  2.512463e+00  1.095052e-06  5.847117e-06      3020         0
   247   61.750  -293.34863765  1.689327e-01  2.512463e+00  1.057881e-06  5.648643e-06      3032         0
   248   62.000  -293.34863776  1.689328e-01  2.512463e+00  1.021972e-06  5.456905e-06      3044         0
   249   62.250  -293.34863787  1.689329e-01  2.512463e+00  9.872820e-07  5.271675e-06      3056         0
   250   62.500  -293.34863798  1.689329e-01  2.512463e+00  9.537694e-07  5.092733e-06      3068         0
   251   62.750  -293.34863808  1.689330e-01  2.512463e+00  9.213943e-07  4.919865e-06      3080         0
   252   63.000  -293.34863818  1.689331e-01  2.512464e+00  8.901182e-07  4.752865e-06      3092         0
   253   63.250  -293.34863827  1.689332e-01  2.512464e+00  8.599037e-07  4.591533e-06      3104         0
   254   63.500  -293.34863836  1.689333e-01  2.512464e+00  8.307148e-07  4.435678e-06      3116         0
   255   63.750  -293.34863845  1.689333e-01  2.512464e+00  8.025168e-07  4.285113e-06      3128         0
   256   64.000  -293.34863854  1.689334e-01  2.512464e+00  7.752759e-07  4.139659e-06      3140         0
   257   64.250  -293.34863862  1.689335e-01  2.512464e+00  7.489597e-07  3.999142e-06      3152         0
   258   64.500  -293.34863870  1.689335e-01  2.512464e+00  7.235368e-07  3.863395e-06      3164         0
   259   64.750  -293.34863878  1.689336e-01  2.512464e+00  6.989768e-07  3.732255e-06      3176         0
   260   65.000  -293.34863885  1.689337e-01  2.512464e+00  6.752506e-07  3.605567e-06      3188         0
   261   65.250  -293.34863893  1.689337e-01  2.512464e+00  6.523297e-07  3.483180e-06      3200         0
   262   65.500  -293.34863900  1.689338e-01  2.512464e+00  6.301868e-07  3.364946e-06      3212         0
   263   65.750  -293.34863906  1.689338e-01  2.512465e+00  6.087956e-07  3.250726e-06      3224         0
   264   66.000  -293.34863913  1.689339e-01  2.512465e+00  5.881305e-07  3.140383e-06      3236         0
   265   66.250  -293.34863919  1.689339e-01  2.512465e+00  5.681668e-07  3.033786e-06      3248         0
   266   66.500  -293.34863925  1.689340e-01  2.512465e+00  5.488808e-07  2.930807e-06      3260         0
   267   66.750  -293.34863931  1.689340e-01  2.512465e+00  5.302494e-07  2.831323e-06      3272         0
   268   67.000  -293.34863937  1.689341e-01  2.512465e+00  5.122505e-07  2.735217e-06      3284         0
   269   67.250  -293.34863942  1.689341e-01  2.512465e+00  4.948626e-07  2.642372e-06      3296         0
   270   67.500  -293.34863948  1.689342e-01  2.512465e+00  4.780648e-07  2.552679e-06      3308         0
   271   67.750  -293.34863953  1.689342e-01  2.512465e+00  4.618373e-07  2.466031e-06      3320         0
   272   68.000  -293.34863958  1.689342e-01  2.512465e+00  4.461606e-07  2.382324e-06      3332         0
   273   68.250  -293.34863962  1.689343e-01  2.512465e+00  4.310160e-07  2.301458e-06      3344         0
   274   68.500  -293.34863967  1.689343e-01  2.512465e+00  4.163855e-07  2.223337e-06      3356         0
   275   68.750  -293.34863972  1.689343e-01  2.512465e+00  4.022516e-07  2.147868e-06      3368         0
   276   69.000  -293.34863976  1.689344e-01  2.512465e+00  3.885975e-07  2.074960e-06      3380         0
   277   69.250  -293.34863980  1.689344e-01  2.512465e+00  3.754069e-07  2.004528e-06      3392         0
   278   69.500  -293.34863984  1.689345e-01  2.512466e+00  3.626640e-07  1.936486e-06      3404         0
   279   69.750  -293.34863988  1.689345e-01  2.512466e+00  3.503536e-07  1.870754e-06      3416         0
   280   70.000  -293.34863992  1.689345e-01  2.512466e+00  3.384611e-07  1.807253e-06      3428         0
   281   70.250  -293.34863995  1.689345e-01  2.512466e+00  3.269724e-07  1.745907e-06      3440         0
   282   70.500  -293.34863999  1.689346e-01  2.512466e+00  3.158735e-07  1.686644e-06      3452         0
   283   70.750  -293.34864002  1.689346e-01  2.512466e+00  3.051515e-07  1.629392e-06      3464         0
   284   71.000  -293.34864005  1.689346e-01  2.512466e+00  2.947933e-07  1.574084e-06      3476         0
   285   71.250  -293.34864009  1.689346e-01  2.512466e+00  2.847868e-07  1.520653e-06      3488         0
   286   71.500  -293.34864012  1.689347e-01  2.512466e+00  2.751200e-07  1.469036e-06      3500         0
   287   71.750  -293.34864015  1.689347e-01  2.512466e+00  2.657812e-07  1.419171e-06      3512         0
   288   72.000  -293.34864017  1.689347e-01  2.512466e+00  2.567595e-07  1.370998e-06      3524         0
   289   72.250  -293.34864020  1.689347e-01  2.512466e+00  2.480440e-07  1.324461e-06      3536         0
   290   72.500  -293.34864023  1.689348e-01  2.512466e+00  2.396244e-07  1.279503e-06      3548         0
   291   72.750  -293.34864025  1.689348e-01  2.512466e+00  2.314905e-07  1.236072e-06      3560         0
   292   73.000  -293.34864028  1.689348e-01  2.512466e+00  2.236328e-07  1.194114e-06      3572         0
   293   73.250  -293.34864030  1.689348e-01  2.512466e+00  2.160417e-07  1.153581e-06      3584         0
   294   73.500  -293.34864033  1.689348e-01  2.512466e+00  2.087084e-07  1.114424e-06      3596         0
   295   73.750  -293.34864035  1.689349e-01  2.512466e+00  2.016239e-07  1.076596e-06      3608         0
   296   74.000  -293.34864037  1.689349e-01  2.512466e+00  1.947800e-07  1.040052e-06      3620         0
   297   74.250  -293.34864039  1.689349e-01  2.512466e+00  1.881683e-07  1.004748e-06      3632         0
   298   74.500  -293.34864041  1.689349e-01  2.512466e+00  1.817811e-07  9.706428e-07      3644         0
Operator:Rp2
   HF point proton radius     2.714685 charge radius     2.838595 => HF+PT     2.851530
IMSRG point proton radius     2.735095 charge radius     2.858120
